time pages_b7 pages_b5 pages_b9
1608479333 648435 232072 123684
1608479363 971619 234448 209251
1608479393 1156202 234448 284536
1608479423 1187111 234448 336657
1608479453 1188532 234448 409516
1608479483 1188663 234448 452527
1608479513 1189499 261980 494097
1608479543 1189563 501002 516593
1608479573 1189599 1007170 536322
1608479603 1189599 1319516 688159
1608479633 1189604 1330245 750803
1608479663 1189669 1354694 752187
1608479693 1189709 1357166 752400
1608479723 1189713 1357364 752539
1608479753 1189740 1357464 752605
1608479783 1189743 1357556 752701
1608479813 1189743 1357559 752744
1608479843 1189743 1357559 752744
1608479873 1189743 1357603 752745
1608479903 1189874 1357604 752893
1608479933 1189874 1357625 753289
1608479963 1192389 1357625 753618
1608479993 1194564 1357625 753947
1608480023 1195356 1357625 754565
1608480053 1195356 1357626 755491
1608480083 1196620 1357651 755953
1608480113 1206086 1357651 756679
1608480143 1210128 1357655 757274
1608480173 1215757 1357693 758652
1608480203 1216218 1357695 758917
1608480233 1216229 1357893 759593
1608480263 1216229 1357894 761174
1608480293 1216229 1357959 764353
1608480323 1216229 1357959 767584
1608480353 1216230 1358013 769365
1608480383 2086186 1358028 771605
1608480413 2086677 1358457 775160
1608480443 2087151 1358506 777940
1608480473 2087687 1358506 781295
1608480503 2088409 1358522 784128
1608480533 2088573 1358582 786960
1608480563 2088637 1358582 789362
1608480593 2088835 1358681 881413
1608480623 2090287 1358681 1099190
1608480653 2093027 2226725 1182311
1608480683 2096338 2215406 1336063
1608480713 2096911 2275446 1340132
1608480743 2096911 2275912 1340133
1608480773 2097375 2276155 1340166
1608480803 2097378 2276155 1340405
1608480833 2097385 2276979 1341098
1608480863 2098043 2276979 1341114
1608480893 2098043 2276995 1341114
1608480923 2098059 2280559 1341114
1608480953 2098059 2285261 1341158
1608480983 2098059 2286013 1342346
1608481013 2098060 2288716 1342346
1608481043 2099896 2289571 1348588
1608481074 2103811 2289724 1348588
1608481104 2115662 2289220 1348588
1608481134 2116920 2290207 1348588
1608481164 2116561 2287791 1348588
1608481194 2116633 2289225 1350436
1608481224 2116668 2291074 1350436
1608481254 2116676 2291440 1350597
1608481284 2116916 2291455 1350663
1608481314 2111579 2292598 1351059
1608481344 2126357 2293295 1351059
1608481374 2121066 2293295 1351059
1608481404 2129121 2290902 1351059
1608481434 2117379 2291075 1352247
1608481464 2230006 2291092 1352377
1608481494 2241539 2292667 1352377
1608481524 2241539 2292724 1352377
1608481554 2241544 2292741 1352377
1608481584 2241544 2295892 1352377
1608481614 2241565 2280619 1353546
1608481644 2241565 2311637 1337728
1608481674 2241565 2489779 1338256
1608481704 2241631 2489900 1339645
1608481734 2241631 2489923 1339910
1608481764 2242109 2489928 1340042
1608481794 2242238 2489951 1340174
1608481824 2244747 2489951 1340372
1608481854 2244927 2489951 1340438
1608481884 2245169 2489952 1340438
1608481914 2247300 2489952 1342266
1608481944 2247510 2489952 1345384
1608481974 2247510 2489952 1350645
1608482004 2246002 2489953 1350965
1608482034 2247365 2489954 1351106
1608482064 2251028 2489955 1351161
1608482094 2251030 2489957 1353112
1608482124 2245800 2489958 1353229
1608482154 2247188 2490026 1353281
1608482184 2247214 2490029 1353370
1608482214 2247771 2490163 1356242
1608482244 2248340 2490165 1356373
1608482274 2248611 2490553 1356425
1608482304 2249510 2490553 1356425
1608482334 2249580 2491257 1356425
1608482364 2250420 2491277 1356624
1608482394 2265534 2494263 1356751
1608482424 2279461 2494283 1356949
1608482454 2250422 2494654 1350154
1608482484 2250422 2495107 1350154
1608482514 2250422 2495109 1352283
1608482544 2250422 2495110 1353774
1608482574 2250422 2486068 1351565
1608482604 2250422 2496509 1354297
1608482634 2250422 2489493 1371447
1608482664 2250426 2508668 1355232
1608482694 2250426 2508864 1355761
1608482724 2250426 2454549 1355763
1608482754 2250476 2633649 1355763
1608482784 2250477 2633678 1355785
1608482814 2250479 2634072 1355808
1608482844 2243793 2634458 1355808
1608482874 2245927 2635386 1355808
1608482904 2245993 2635650 1355808
1608482934 2247877 2636206 1355808
1608482964 2247944 2637089 1355810
1608482994 2248046 2637089 1355832
1608483024 2248160 2637913 1355832
1608483054 2248494 2640432 1355834
1608483084 2245400 2641739 1360973
1608483114 2246751 2641780 1361327
1608483144 2247030 2641849 1361328
1608483174 2247161 2640279 1361331
1608483204 2247634 2641646 1361772
1608483234 2248328 2635944 1361774
1608483264 2244372 2639473 1353869
1608483294 2244437 2640749 1357014
1608483324 2247577 2637744 1357095
1608483355 2247694 2639139 1357005
1608483385 2247773 2633669 1359228
1608483415 2247773 2637521 1359317
1608483445 2295791 2638499 1356415
1608483475 2295791 2639918 1358174
1608483505 2295791 2642114 1356873
1608483535 2295798 2642120 1356688
1608483565 2295798 2643304 1353869
1608483595 2295798 2640820 1356919
1608483625 2295798 2640908 1355321
1608483655 2295801 2642039 1403881
1608483685 2295801 2680634 1364118
1608483715 2295801 2683028 1364118
1608483745 2295811 2685902 1364118
1608483775 2296368 2685902 1364125
1608483805 2296368 2685982 1364125
1608483835 2296565 2685982 1364125
1608483865 2296566 2685982 1364125
1608483895 2296585 2685982 1364125
1608483925 2296586 2686009 1364125
1608483955 2300016 2686009 1364125
1608483985 2300543 2686015 1364125
1608484015 2300780 2686087 1364125
1608484045 2300815 2686087 1364125
1608484075 2300816 2686615 1364421
1608484105 2300882 2686615 1369617
1608484135 2300937 2686669 1369617
1608484165 2300937 2689029 1369672
1608484195 2300937 2689029 1369672
1608484225 2300937 2689029 1362672
1608484255 2300939 2689030 1364636
1608484285 2300939 2689030 1364156
1608484315 2300943 2689031 1364156
1608484345 2294468 2689032 1373793
1608484375 2295006 2689033 1364382
1608484405 2317384 2689045 1366154
1608484435 2369764 2689045 1362672
1608484465 2296061 2689641 1366368
1608484495 2296061 2689706 1366792
1608484525 2296061 2689706 1362672
1608484555 2296061 2689709 1366889
1608484585 2296066 2689713 1367131
1608484615 2296066 2690095 1368461
1608484645 2296066 2690097 1433924
1608484675 2296066 2690229 1374961
1608484705 2296066 2711148 1374961
1608484735 2296068 2618363 1374961
1608484765 2296068 2603184 1374980
1608484795 2297167 2603416 1374980
1608484825 2297167 2603548 1374980
1608484855 2297167 2603680 1374980
1608484885 2298718 2603680 1374980
1608484915 2298722 2603680 1374980
1608484945 2298746 2603680 1374980
1608484975 2298746 2603944 1374981
1608485005 2298770 2604586 1374981
1608485035 2300960 2609226 1374981
1608485065 2300961 2610720 1374981
1608485095 2301105 2610744 1374982
1608485125 2301106 2613779 1374982
1608485155 2301484 2613884 1374983
1608485185 2301488 2614049 1374984
1608485215 2301490 2615225 1374986
1608485245 2301584 2616149 1371168
1608485275 2296222 2617072 1371282
1608485305 2283899 2617732 1372301
1608485335 2283906 2618259 1372864
1608485365 2284339 2618399 1369191
1608485395 2280972 2618837 1372099
1608485425 2282400 2619397 1373380
1608485455 2319666 2619397 1374085
1608485485 2285875 2619400 1374092
1608485515 2285875 2610922 1374158
1608485545 2285877 2611623 1374186
1608485575 2285877 2611626 1374885
1608485605 2285877 2612947 1375256
1608485635 2285877 2613322 1375460
1608485665 2285877 2614524 1443235
1608485696 2285877 2616277 1403429
1608485726 2285877 2704997 1403429
1608485756 2285877 2640575 1403463
1608485786 2285877 2804276 1403473
1608485816 2289639 2805382 1403473
1608485846 2289673 2805982 1403473
1608485876 2289715 2806721 1403473
1608485906 2289716 2807222 1403473
1608485936 2289716 2807682 1403473
1608485966 2289716 2808850 1403473
1608485996 2289716 2811024 1403473
1608486026 2289716 2814186 1404319
1608486056 2289719 2815538 1404319
1608486086 2289720 2815956 1405586
1608486116 2282490 2815956 1406179
1608486146 2282490 2818078 1406209
1608486176 2280993 2818646 1406209
1608486206 2283186 2820055 1406209
1608486236 2282239 2820364 1406705
1608486266 2284865 2820415 1406705
1608486296 2285687 2822450 1406705
1608486326 2280992 2822492 1406705
1608486356 2283703 2822537 1404138
1608486386 2284430 2822573 1404138
1608486416 2280995 2822624 1404139
1608486446 2280995 2822646 1404165
1608486476 2280996 2822650 1404475
1608486506 2281004 2822739 1397333
1608486536 2281012 2822744 1398955
1608486566 2281016 2822745 1399716
1608486596 2281016 2823276 1402485
1608486626 2281016 2821952 1397333
1608486656 2281016 2822541 1411813
1608486686 2281016 2825947 1385698
1608486716 2281016 2819128 1396014
1608486746 2281016 2811893 1396014
1608486776 2282071 2814013 1396038
1608486806 2282531 2814145 1396038
1608486836 2282542 2814145 1396066
1608486866 2283539 2814155 1396066
1608486896 2283539 2814156 1396075
1608486926 2283539 2814156 1396084
1608486956 2283539 2814156 1396084
1608486986 2283736 2821770 1399909
1608487016 2283737 2823155 1399917
1608487046 2286921 2826489 1400203
1608487076 2286952 2826500 1400223
1608487106 2287461 2824216 1401831
1608487136 2287506 2824886 1401896
1608487166 2287507 2824886 1401896
1608487196 2288100 2824886 1401896
1608487226 2288192 2824886 1401896
1608487256 2288193 2824890 1402274
1608487286 2288810 2826075 1403122
1608487316 2288811 2826496 1403568
1608487346 2281261 2827021 1404354
1608487376 2283148 2824962 1404676
1608487406 2281262 2822053 1404753
1608487436 2281262 2826289 1404007
1608487466 2281263 2825102 1405967
1608487496 2281264 2826781 1405055
1608487526 2282584 2828291 1407773
1608487556 2282585 2828405 1402436
1608487586 2282632 2825475 1406212
1608487616 2282632 2827231 1404736
1608487646 2282632 2827258 1432711
1608487676 2282632 2827259 1448275
1608487706 2282632 2846209 1408474
1608487736 2282635 2828901 1408474
1608487766 2282635 2828901 1408474
1608487796 2282635 2828901 1408474
1608487826 2287933 2828901 1408474
1608487856 2288552 2828902 1408474
1608487886 2288552 2828902 1408474
1608487916 2289503 2828913 1408474
1608487946 2289503 2828913 1408474
1608487976 2289687 2828916 1408474
1608488007 2290019 2829684 1408474
1608488037 2290229 2829956 1408474
1608488067 2290615 2830006 1408474
1608488097 2284106 2822192 1408474
1608488127 2284301 2826029 1408474
1608488157 2285543 2827476 1408474
1608488187 2282639 2825898 1412106
1608488217 2285898 2827202 1412106
1608488247 2285912 2827834 1412106
1608488277 2286396 2825726 1412106
1608488307 2287509 2827343 1413748
1608488337 2285474 2826193 1413749
1608488367 2285612 2828281 1413750
1608488397 2286615 2828413 1413750
1608488427 2286615 2829844 1413750
1608488457 2331089 2829986 1413750
1608488487 2273892 2826547 1413750
1608488517 2364062 2823087 1413751
1608488547 2365118 2826812 1404929
1608488577 2365415 2829111 1406116
1608488607 2365415 2829138 1407918
1608488637 2365418 2829843 1407972
1608488667 2365418 2829844 1408025
1608488697 2365418 2838776 1408066
1608488727 2372414 2821477 1410376
1608488757 2376318 2821477 1410376
1608488787 2376347 2821477 1410376
1608488817 2376369 2821477 1410379
1608488847 2376369 2821477 1410379
1608488877 2376369 2821477 1410379
1608488907 2376369 2821477 1410379
1608488937 2376369 2821477 1410541
1608488967 2376369 2821477 1411215
1608488997 2377119 2821477 1411336
1608489027 2377204 2821477 1407336
1608489057 2377707 2824168 1410695
1608489087 2374277 2824718 1411144
1608489117 2375596 2825553 1411145
1608489147 2380043 2825924 1411150
1608489177 2380712 2822803 1409271
1608489207 2374866 2824132 1411459
1608489237 2379511 2825776 1413112
1608489267 2374867 2826389 1412984
1608489297 2374867 2826872 1413874
1608489327 2378688 2824768 1413876
1608489357 2379613 2825813 1413893
1608489387 2379679 2827626 1413999
1608489417 2379760 2827749 1411775
1608489447 2405498 2827847 1413754
1608489477 2380090 2827972 1413906
1608489507 2411570 2821843 1412565
1608489537 2411570 2826564 1412605
1608489567 2411617 2827611 1412805
1608489597 2411617 2827646 1413674
1608489627 2411617 2825020 1413878
1608489657 2411619 2821844 1413878
1608489687 2411619 2873371 1421995
1608489717 2411619 2851459 1414802
1608489747 2411619 2825918 1414802
1608489777 2411619 2847623 1414802
1608489807 2411620 2827692 1414802
1608489837 2411622 2827693 1414803
1608489867 2411623 2827693 1414803
1608489897 2411956 2827747 1414803
1608489927 2412011 2828659 1414804
1608489957 2412013 2829847 1414804
1608489987 2412016 2829881 1417443
1608490017 2412018 2829928 1417443
1608490047 2412024 2829929 1417443
1608490077 2412241 2829930 1417659
1608490107 2412244 2830487 1417659
1608490137 2412248 2831212 1417659
1608490167 2412436 2831342 1417660
1608490197 2412441 2831371 1417661
1608490227 2412444 2831373 1417661
1608490257 2412447 2831374 1417662
1608490287 2412448 2831376 1417663
1608490318 2413282 2831402 1417663
1608490348 2413283 2831732 1409986
1608490378 2413484 2831735 1411309
1608490408 2413489 2831736 1411977
1608490438 2453287 2831741 1408433
1608490468 2413556 2831744 1411189
1608490498 2418169 2831749 1408433
1608490528 2418228 2831753 1408433
1608490558 2418229 2831757 1411695
1608490588 2418280 2832204 1411549
1608490618 2418858 2832207 1411372
1608490648 2419459 2832210 1412076
1608490678 2419855 2832212 1412076
1608490708 2420315 2881710 1412076
1608490738 2420364 2824859 1412076
1608490768 2420366 2844827 1412076
1608490798 2420369 2844875 1412076
1608490828 2420371 2844875 1412076
1608490858 2420496 2844897 1412076
1608490888 2420500 2845010 1412076
1608490918 2420503 2845528 1412076
1608490948 2420505 2846102 1412076
1608490978 2420548 2849051 1412076
1608491008 2420746 2852773 1413065
1608491038 2420747 2854192 1413423
1608491068 2420786 2854468 1414808
1608491098 2420789 2854598 1414809
1608491128 2420790 2854598 1414809
1608491158 2420792 2859046 1415383
1608491188 2428648 2859131 1415383
1608491218 2420799 2859132 1415383
1608491248 2433508 2854727 1416618
1608491278 2432437 2859352 1416618
1608491308 2420839 2859354 1416618
1608491338 2420891 2859375 1416618
1608491368 2420895 2859379 1416618
1608491398 2457129 2850645 1416621
1608491428 2470895 2852564 1408433
1608491458 2405288 2854107 1411117
1608491488 2410255 2854219 1411196
1608491518 2411267 2851574 1412172
1608491548 2411488 2852744 1413918
1608491578 2411950 2855328 1409769
1608491608 2411951 2855345 1410759
1608491638 2412123 2855777 1445014
1608491668 2412387 2850570 1421769
1608491698 2414089 2843548 1419530
1608491728 2416266 2850114 1419530
1608491758 2421018 3100808 1419530
1608491788 2421216 3128543 1419530
1608491818 2421709 3129225 1419530
1608491848 2422852 3129506 1419530
1608491878 2422852 3129702 1419530
1608491908 2423101 3130740 1419530
1608491938 2425711 3131645 1419530
1608491968 2425835 3132163 1423542
1608491998 2425836 3132163 1423589
1608492028 2425837 3132336 1423827
1608492058 2425837 3132515 1423827
1608492088 2425867 3132581 1423827
1608492118 2426264 3132611 1423828
1608492148 2426321 3134993 1407790
1608492178 2426398 3135049 1421556
1608492208 2426401 3135665 1421569
1608492238 2426403 3135693 1423396
1608492268 2426417 3135724 1416399
1608492298 2426437 3135724 1417666
1608492328 2427574 3135725 1418833
1608492358 2427577 3135725 1416698
1608492388 2427580 3136275 1416698
1608492418 2477559 3136275 1419671
1608492448 2420699 3136276 1416698
1608492478 2425942 3136276 1416698
1608492508 2426103 3136321 1416699
1608492538 2426103 3136321 1421221
1608492568 2426103 3136322 1420931
1608492598 2426105 3136323 1421609
1608492628 2426120 3136323 1428498
1608492658 2426120 3136323 1428565
1608492689 2426310 3155990 1429423
1608492719 2426375 3136455 1430149
1608492749 2426376 3136455 1430149
1608492779 2426377 3136496 1430153
1608492809 2426417 3136497 1430153
1608492839 2426420 3136497 1430153
1608492869 2426423 3136497 1430153
1608492899 2426441 3136497 1430153
1608492929 2426443 3136497 1430187
1608492959 2426452 3136497 1430197
1608492989 2426504 3138776 1430198
1608493019 2426508 3138777 1430314
1608493049 2426512 3139436 1430314
1608493079 2426517 3139520 1430520
1608493109 2426520 3140457 1430520
1608493139 2419076 3140460 1430785
1608493169 2423150 3140460 1430827
1608493199 2423511 3140461 1430829
1608493229 2423585 3140820 1427099
1608493259 2423587 3140823 1427151
1608493289 2423589 3132415 1427153
1608493319 2424269 3133568 1429288
1608493349 2424286 3133932 1429290
1608493379 2424288 3134744 1430034
1608493409 2424288 3133870 1431816
1608493439 2424428 3135157 1431828
1608493469 2424428 3136046 1431830
1608493499 2428057 3136411 1431830
1608493529 2428057 3132603 1431830
1608493559 2428057 3136476 1432015
1608493589 2428057 3136497 1453776
1608493619 2428057 3137078 1472247
1608493649 2428057 3137078 1432451
1608493679 2428058 3150937 1436502
1608493709 2428058 3137078 1445732
1608493739 2428078 3158414 1445732
1608493769 2421893 3158414 1445781
1608493799 2422955 3158414 1445812
1608493829 2423430 3158515 1445812
1608493859 2423488 3158806 1445823
1608493889 2423674 3158937 1445823
1608493919 2423711 3159171 1445823
1608493949 2424224 3159171 1445823
1608493979 2424228 3159171 1445831
1608494009 2424280 3159203 1445831
1608494039 2424281 3159203 1445831
1608494069 2424397 3159424 1445899
1608494099 2424519 3159629 1445900
1608494129 2424852 3159818 1445901
1608494159 2425088 3161837 1445968
1608494189 2425227 3161839 1445968
1608494219 2425229 3161841 1445969
1608494249 2425265 3161842 1446040
1608494279 2425453 3161896 1446040
1608494309 2425489 3161963 1446040
1608494339 2421125 3162003 1446040
1608494369 2424140 3162005 1446040
1608494399 2429375 3162071 1446040
1608494429 2424140 3162091 1446042
1608494459 2424140 3162113 1446042
1608494489 2429316 3162115 1446042
1608494519 2429316 3162115 1446043
1608494549 2429317 3162120 1446044
1608494579 2429317 3162144 1446179
1608494609 2429317 3162146 1476566
1608494639 2429317 3220160 1450444
1608494669 2430235 3180560 1450668
1608494699 2430418 3162147 1450668
1608494729 2430815 3162148 1450669
1608494759 2430939 3168879 1450669
1608494789 2431140 3168879 1450669
1608494819 2431142 3168879 1450669
1608494849 2431148 3168907 1450669
1608494879 2431150 3168907 1450671
1608494909 2431163 3168907 1450672
1608494939 2431167 3168908 1450677
1608494969 2431169 3168912 1450681
1608494999 2431171 3168915 1450686
1608495030 2431175 3168920 1450687
1608495060 2427395 3163884 1450688
1608495090 2429336 3164289 1450693
1608495120 2429439 3164470 1445706
1608495150 2429509 3165998 1446858
1608495180 2430268 3166108 1447760
1608495210 2430368 3166286 1445854
1608495240 2430458 3161869 1447384
1608495270 2430637 3165897 1442972
1608495300 2430823 3165902 1447623
1608495330 2431093 3164818 1442972
1608495360 2431157 3166196 1447034
1608495390 2472273 3161870 1447698
1608495420 2436916 3165008 1447702
1608495450 2446458 3164983 1448010
1608495480 2446770 3170725 1448738
1608495510 2447794 3171121 1448772
1608495540 2448205 3167113 1448922
1608495570 2448401 3167249 1449447
1608495600 2448661 3169089 1449449
1608495630 2449913 3169104 1450101
1608495660 2450316 3205336 1450102
1608495690 2453814 3181842 1450102
1608495720 2453849 3169105 1450102
1608495750 2453861 3169105 1450102
1608495780 2453863 3169108 1450102
1608495810 2453864 3169108 1450102
1608495840 2453865 3169108 1450102
1608495870 2453865 3169108 1450102
1608495900 2453866 3169108 1450103
1608495930 2453868 3169109 1450104
1608495960 2453915 3169110 1450104
1608495990 2453915 3169111 1450817
1608496020 2453920 3169113 1450967
1608496050 2453979 3169116 1450967
1608496080 2453994 3169117 1450968
1608496110 2453998 3169118 1450968
1608496140 2454228 3169136 1452541
1608496170 2454232 3169155 1452663
1608496200 2454235 3169162 1452663
1608496230 2448771 3169167 1452663
1608496260 2448805 3169169 1452663
1608496290 2449208 3169169 1450274
1608496320 2453999 3169214 1450275
1608496350 2449537 3169216 1443006
1608496380 2449537 3169216 1434262
1608496410 2449700 3165959 1434462
1608496440 2449700 3168880 1435312
1608496470 2449703 3169011 1434257
1608496500 2449703 3169319 1434317
1608496530 2449703 3169319 1436463
1608496560 2449703 3169332 1436648
1608496590 2449703 3169334 1436648
1608496620 2449705 3169339 1488721
1608496650 2449705 3153022 1423686
1608496680 2449947 3153862 1425072
1608496710 2450220 3162312 1431973
1608496740 2450283 3259205 1432427
1608496770 2450287 3261245 1432427
1608496800 2450287 3261443 1432427
1608496830 2445111 3262887 1432427
1608496860 2448005 3263591 1432427
1608496890 2448079 3265493 1432493
1608496920 2449723 3267405 1432493
1608496950 2450224 3267469 1432493
1608496980 2445159 3267661 1432889
1608497010 2449290 3267708 1432901
1608497040 2451396 3268596 1437587
1608497070 2445159 3270708 1440290
1608497100 2448850 3275000 1442138
1608497130 2449388 3276188 1442185
1608497160 2452319 3276649 1442185
1608497190 2448582 3276686 1442185
1608497220 2451727 3277047 1442188
1608497250 2451742 3277234 1442188
1608497280 2451743 3277258 1442188
1608497310 2452651 3277288 1442188
1608497340 2452659 3277586 1446377
1608497371 2478897 3278579 1446377
1608497401 2482553 3278579 1446377
1608497431 2452788 3278661 1446404
1608497461 2444484 3278679 1446405
1608497491 2444484 3280884 1446406
1608497521 2444484 3278758 1446407
1608497551 2444484 3279351 1446407
1608497581 2444485 3279351 1446409
1608497611 2444485 3279548 1484676
1608497641 2444485 3333573 1446471
1608497671 2444486 3277097 1446471
1608497701 2444486 3277097 1446471
1608497731 2444490 3277097 1446471
1608497761 2444493 3277097 1446471
1608497791 2444495 3277097 1446471
1608497821 2444505 3277118 1446471
1608497851 2444508 3277118 1446471
1608497881 2444513 3277118 1446866
1608497911 2444517 3277118 1447035
1608497941 2444520 3277136 1447035
1608497971 2444523 3277137 1447035
1608498001 2444527 3271884 1448018
1608498031 2439590 3273960 1448018
1608498061 2441503 3271884 1448081
1608498091 2441701 3274548 1449169
1608498121 2442785 3276112 1449169
1608498151 2442804 3276384 1449432
1608498181 2443064 3271885 1449451
1608498211 2443153 3274543 1449453
1608498241 2443156 3274749 1449453
1608498271 2443383 3274926 1449454
1608498301 2443466 3267713 1449501
1608498331 2443494 3267651 1449543
1608498361 2443614 3269671 1449068
1608498391 2444064 3268308 1450124
1608498421 2444064 3266071 1438481
1608498451 2444065 3267876 1441377
1608498481 2444065 3264620 1439857
1608498511 2444065 3269460 1441168
1608498541 2444065 3271408 1442833
1608498571 2444065 3271620 1443722
1608498601 2444065 3271693 1438614
1608498631 2444065 3268423 1482208
1608498661 2444065 3268423 1426462
1608498691 2444065 3268432 1426702
1608498721 2444065 3268432 1429245
1608498751 2444065 3268432 1429377
1608498781 2444065 3268433 1429641
1608498811 2444828 3268433 1429641
1608498841 2445651 3268433 1429641
1608498871 2445651 3268434 1429641
1608498901 2445651 3268434 1430301
1608498931 2445651 3268434 1430631
1608498961 2445651 3268434 1431489
1608498991 2445651 3268434 1437325
1608499021 2446384 3268435 1437325
1608499051 2446384 3268437 1441426
1608499081 2446385 3268440 1441492
1608499111 2446386 3268637 1441492
1608499141 2437001 3269391 1442102
1608499171 2439207 3269732 1442102
1608499201 2440785 3275641 1442629
1608499231 2439286 3275702 1442684
1608499261 2441261 3275704 1442686
1608499291 2442082 3268023 1443127
1608499321 2441209 3269710 1443127
1608499351 2442378 3270964 1443356
1608499381 2442899 3271245 1443356
1608499411 2483166 3267832 1443477
1608499441 2443172 3270173 1443477
1608499471 2443188 3271208 1443640
1608499501 2443189 3271737 1443644
1608499531 2443189 3271921 1443647
1608499561 2443189 3272024 1443712
1608499591 2443189 3272059 1443712
1608499621 2443189 3269882 1442931
1608499651 2443189 3271438 1442931
1608499681 2443189 3308227 1442931
1608499711 2443189 3308228 1442931
1608499742 2443189 3308228 1442931
1608499772 2443189 3308228 1442931
1608499802 2445038 3308228 1442931
1608499832 2445038 3308228 1442931
1608499862 2445038 3308228 1442931
1608499892 2445038 3308228 1442935
1608499922 2445038 3308228 1442938
1608499952 2446159 3308228 1438252
1608499982 2446159 3308228 1439157
1608500012 2446200 3308228 1439157
1608500042 2446200 3308228 1439934
1608500072 2446200 3308228 1441067
1608500102 2446200 3304157 1441313
1608500132 2438886 3305073 1441477
1608500162 2438886 3305145 1441477
1608500192 2438886 3305320 1441483
1608500222 2438886 3305416 1441982
1608500252 2438886 3311148 1441982
1608500282 2439324 3311182 1441982
1608500312 2439705 3311182 1442039
1608500342 2437290 3311780 1442039
1608500372 2437686 3311842 1449034
1608500402 2437686 3311972 1442039
1608500432 2472974 3311972 1443500
1608500462 2452513 3303143 1443511
1608500492 2443209 3304337 1444208
1608500522 2443210 3305497 1444557
1608500552 2443235 3305695 1449565
1608500582 2443235 3298289 1441976
1608500612 2443235 3303254 1489037
1608500642 2443235 3301081 1485251
1608500672 2443235 3301081 1445326
1608500702 2444303 3284978 1445326
1608500732 2444432 3287551 1445330
1608500762 2444597 3287947 1445330
1608500792 2444599 3288541 1445330
1608500822 2444814 3288541 1445330
1608500852 2444814 3288805 1445330
1608500882 2444814 3288805 1445330
1608500912 2445279 3288805 1445330
1608500942 2445331 3288805 1445330
1608500972 2445333 3295191 1445330
1608501002 2445337 3295194 1445330
1608501032 2445341 3296713 1445330
1608501062 2440190 3296768 1445330
1608501092 2441462 3299014 1445340
1608501122 2437894 3304403 1445340
1608501152 2441929 3304466 1448311
1608501182 2441958 3304494 1448317
1608501212 2441961 3305102 1448317
1608501242 2442357 3305194 1448317
1608501272 2441395 3305199 1448317
1608501302 2442211 3305220 1448318
1608501332 2441251 3305222 1448319
1608501362 2437894 3306366 1448546
1608501392 2441263 3306371 1448547
1608501422 2441271 3298539 1448547
1608501452 2441271 3302364 1448547
1608501482 2441271 3302674 1448775
1608501512 2441271 3303840 1442042
1608501542 2441272 3303949 1442774
1608501572 2441272 3303954 1442267
1608501602 2441272 3303965 1442102
1608501632 2441272 3301557 1473361
1608501662 2441272 3303360 1442140
1608501692 2441272 3319200 1442140
1608501722 2441272 3303368 1442141
1608501752 2441272 3303368 1442141
1608501782 2441272 3303368 1442142
1608501812 2441272 3303368 1442142
1608501842 2441272 3303368 1442152
1608501872 2441272 3303368 1442152
1608501902 2441272 3303368 1442152
1608501932 2441272 3303368 1442152
1608501962 2441272 3303369 1442152
1608501992 2441272 3304001 1442152
1608502022 2441273 3304039 1442152
1608502052 2441274 3301170 1447593
1608502083 2445787 3302268 1447596
1608502113 2445788 3302538 1448183
1608502143 2445788 3303259 1439441
1608502173 2445791 3303273 1440134
1608502203 2446090 3303278 1441424
1608502233 2446093 3303136 1442460
1608502263 2446485 3303391 1442911
1608502293 2437903 3300305 1441667
1608502323 2439294 3303249 1439441
1608502353 2441826 3303330 1443631
1608502383 2442985 3303380 1444258
1608502413 2444008 3304076 1444292
1608502443 2485038 3304079 1444621
1608502473 2445043 3304089 1444898
1608502503 2445139 3304147 1444919
1608502533 2445139 3304833 1445798
1608502563 2445140 3301258 1445800
1608502593 2445156 3300010 1441024
1608502623 2445188 3299193 1443152
1608502653 2445188 3303412 1445982
1608502683 2445188 3312354 1445960
1608502713 2445188 3301632 1483645
1608502743 2445188 3301632 1446097
1608502773 2445188 3301648 1446188
1608502803 2445188 3301648 1446188
1608502833 2445188 3301648 1446188
1608502863 2445188 3301729 1446188
1608502893 2445188 3301729 1446188
1608502923 2448475 3301729 1446517
1608502953 2448475 3301729 1446517
1608502983 2448475 3301729 1446566
1608503013 2448475 3301729 1447371
1608503043 2448475 3301729 1447374
1608503073 2448870 3301729 1447982
1608503103 2448935 3301729 1448370
1608503133 2448937 3301729 1443241
1608503163 2449209 3301730 1441658
1608503193 2449210 3301730 1445457
1608503223 2440084 3301730 1445508
1608503253 2442353 3301732 1445966
1608503283 2440084 3301735 1447929
1608503313 2444374 3301738 1441658
1608503343 2444454 3301738 1445300
1608503373 2444708 3301740 1446789
1608503403 2444788 3301743 1446854
1608503433 2446550 3301744 1446076
1608503463 2480085 3301744 1448515
1608503493 2461626 3301748 1448761
1608503523 2473587 3301755 1446764
1608503553 2453656 3313007 1449572
1608503583 2453656 3300916 1449880
1608503613 2453672 3300919 1441658
1608503643 2453672 3300920 1450519
1608503673 2453672 3292742 1491997
1608503703 2453672 3353963 1452134
1608503733 2453672 3218287 1452166
1608503763 2453675 3234271 1452166
1608503793 2447995 3218438 1452166
1608503823 2448774 3222331 1452166
1608503853 2448844 3222595 1452166
1608503883 2448906 3222743 1452214
1608503913 2449835 3222941 1452262
1608503943 2450185 3222941 1452262
1608503973 2450236 3223335 1452262
1608504003 2449132 3229991 1452262
1608504033 2449901 3232686 1452262
1608504063 2450908 3232986 1452262
1608504093 2450919 3233248 1452262
1608504123 2451263 3235848 1453009
1608504153 2449661 3228390 1453009
1608504183 2444675 3229933 1453140
1608504213 2449159 3228390 1453172
1608504243 2449160 3230474 1453172
1608504273 2449464 3231260 1453172
1608504303 2448345 3233007 1453173
1608504333 2450007 3231080 1453174
1608504363 2450364 3231761 1453174
1608504393 2451870 3233239 1443777
1608504424 2451928 3228517 1444678
1608504454 2451931 3231730 1444678
1608504484 2451995 3229936 1443445
1608504514 2451995 3232228 1445383
1608504544 2451995 3231864 1445437
1608504574 2451995 3234788 1444884
1608504604 2451995 3229244 1444884
1608504634 2451995 3232712 1442467
1608504664 2451995 3235229 1442467
1608504694 2451995 3236055 1449179
1608504724 2451995 3269688 1457692
1608504754 2451996 3222724 1449180
1608504784 2451998 3250640 1449180
1608504814 2451999 3253038 1449180
1608504844 2452000 3253038 1449180
1608504874 2454245 3253056 1449180
1608504904 2454250 3253056 1449180
1608504934 2454251 3253056 1449180
1608504964 2454251 3253056 1449180
1608504994 2454279 3253056 1449180
1608505024 2454281 3254729 1449182
1608505054 2444768 3254902 1449778
1608505084 2444768 3254912 1449778
1608505114 2447075 3255590 1449910
1608505144 2447984 3257617 1450395
1608505174 2449133 3250724 1450396
1608505204 2449160 3251570 1450398
1608505234 2449160 3249353 1450399
1608505264 2449826 3249637 1442518
1608505294 2449855 3251340 1446793
1608505324 2444769 3252351 1446825
1608505354 2447901 3252519 1446826
1608505384 2449052 3251468 1447064
1608505414 2449082 3251613 1447377
1608505444 2479190 3252072 1447747
1608505474 2489010 3252073 1446131
1608505504 2469356 3252073 1442518
1608505534 2442841 3253603 1442518
1608505564 2442842 3253987 1444074
1608505594 2442842 3254019 1447597
1608505624 2442842 3254042 1447986
1608505654 2442842 3254576 1448418
1608505684 2442842 3254577 1448402
1608505714 2442842 3254579 1451111
1608505744 2442842 3285202 1451111
1608505774 2442842 3254579 1451111
1608505804 2442842 3254579 1451111
1608505834 2442842 3254579 1451111
1608505864 2443688 3254579 1451111
1608505894 2443688 3254579 1451111
1608505924 2443688 3254579 1451111
1608505954 2443688 3254579 1451111
1608505984 2445935 3254579 1451111
1608506014 2446108 3254579 1451111
1608506044 2446118 3254579 1451111
1608506074 2446909 3254583 1451111
1608506104 2446946 3254588 1451111
1608506134 2446946 3258168 1451111
1608506164 2446946 3258170 1451111
1608506194 2446947 3248140 1451111
1608506224 2446948 3248140 1451111
1608506254 2446950 3248161 1451111
1608506284 2446951 3251054 1451111
1608506314 2439009 3252310 1451111
1608506344 2440489 3253829 1451805
1608506374 2441084 3253830 1451806
1608506404 2442306 3254196 1451864
1608506434 2443566 3254210 1451865
1608506464 2438028 3251149 1451867
1608506494 2438572 3253884 1452263
1608506524 2422160 3253958 1443969
1608506554 2480687 3253960 1450732
1608506584 2480819 3251406 1450736
1608506614 2480819 3252659 1442629
1608506644 2481215 3253534 1444889
1608506674 2481255 3254644 1444890
1608506704 2481255 3254062 1450915
1608506734 2481255 3286973 1430652
1608506765 2491897 3238002 1443299
1608506795 2492507 3238398 1443299
1608506825 2492507 3238926 1443299
1608506855 2492552 3238992 1443299
1608506885 2494628 3239058 1443299
1608506915 2494628 3239322 1443299
1608506945 2495217 3239322 1443299
1608506975 2495218 3239388 1443299
1608507005 2498517 3239388 1443299
1608507035 2498620 3239652 1444594
1608507065 2498766 3244827 1444594
1608507095 2498770 3247688 1444594
1608507125 2498835 3247836 1444668
1608507155 2507894 3247850 1444722
1608507185 2510319 3246313 1445687
1608507215 2512232 3247440 1445687
1608507245 2512233 3248558 1446050
1608507275 2512343 3249046 1446948
1608507305 2512788 3249193 1447335
1608507335 2513843 3250654 1448219
1608507365 2513901 3250780 1448224
1608507395 2513980 3241439 1448326
1608507425 2513981 3228187 1448329
1608507455 2569288 3242714 1448370
1608507485 2513981 3243072 1448373
1608507515 2513981 3243890 1448374
1608507545 2513981 3245036 1448414
1608507575 2513981 3245036 1448546
1608507605 2513981 3243229 1449085
1608507635 2513981 3243230 1449089
1608507665 2513981 3247152 1447452
1608507695 2513981 3247174 1448014
1608507725 2513981 3247220 1448014
1608507755 2513981 3240641 1448014
1608507785 2513981 3221634 1448014
1608507815 2513981 3222228 1448014
1608507845 2513981 3222756 1448014
1608507875 2513981 3222757 1448014
1608507905 2513981 3222771 1448014
1608507935 2513981 3222771 1448014
1608507965 2513981 3223233 1448014
1608507995 2513981 3223233 1448410
1608508025 2513981 3223342 1451545
1608508055 2513981 3230633 1452275
1608508085 2513981 3231225 1442187
1608508115 2516146 3232439 1444100
1608508145 2516147 3235988 1442187
1608508175 2507424 3236825 1444425
1608508205 2509257 3237115 1444425
1608508235 2510548 3237549 1444425
1608508265 2510746 3238119 1444707
1608508295 2511231 3238701 1445122
1608508325 2511998 3239549 1445141
1608508355 2512001 3240706 1444981
1608508385 2510100 3240708 1444981
1608508415 2511290 3240711 1445499
1608508445 2512437 3241370 1445114
1608508475 2512437 3234307 1445766
1608508505 2499347 3234949 1445737
1608508535 2498559 3235472 1445737
1608508565 2498003 3233712 1445737
1608508595 2498003 3237728 1442189
1608508625 2498003 3238195 1445155
1608508655 2498003 3239382 1442188
1608508685 2498003 3239429 1442188
1608508715 2498003 3239544 1446622
1608508745 2498003 3283972 1446623
1608508775 2498003 3147421 1446623
1608508805 2498004 3147421 1446623
1608508835 2498005 3147435 1446623
1608508865 2498007 3147435 1446623
1608508895 2498007 3147466 1446623
1608508925 2498007 3147466 1446623
1608508955 2498007 3147466 1446623
1608508985 2501795 3147466 1446623
1608509015 2501796 3147469 1446647
1608509045 2501902 3147469 1446779
1608509075 2501904 3147469 1446779
1608509106 2501987 3147469 1446779
1608509136 2512414 3147469 1446779
1608509166 2501988 3147469 1446825
1608509196 2502013 3147470 1449181
1608509226 2502015 3147470 1449181
1608509256 2502015 3150476 1449182
1608509286 2502017 3150476 1449236
1608509316 2502017 3150477 1449279
1608509346 2502019 3150479 1449597
1608509376 2502332 3150514 1449597
1608509406 2502332 3150515 1449597
1608509436 2502506 3150631 1450432
1608509466 2567911 3150632 1442410
1608509496 2502506 3144078 1445084
1608509526 2502506 3145843 1445684
1608509556 2502506 3147458 1446277
1608509586 2502506 3147460 1442584
1608509616 2502506 3147461 1446322
1608509646 2502506 3147462 1447277
1608509676 2502506 3145000 1447381
1608509706 2502506 3146250 1447637
1608509736 2502506 3146263 1447661
1608509766 2502506 3176888 1447661
1608509796 2502506 3150726 1447661
1608509826 2502506 3191100 1447661
1608509856 2502506 3191101 1447661
1608509886 2502506 3191112 1447661
1608509916 2502506 3191112 1447661
1608509946 2502506 3191112 1447661
1608509976 2502506 3191112 1448238
1608510006 2502506 3191112 1449186
1608510036 2502506 3191112 1445516
1608510066 2502506 3191112 1442910
1608510096 2502506 3185101 1446723
1608510126 2502506 3185614 1446991
1608510156 2502507 3183770 1446992
1608510186 2502508 3185104 1442958
1608510216 2502511 3182517 1447198
1608510246 2493545 3186057 1447251
1608510276 2495956 3183981 1447938
1608510306 2494297 3186300 1447513
1608510336 2496451 3186302 1447998
1608510366 2496490 3182537 1448106
1608510396 2495735 3185607 1448125
1608510426 2496726 3185721 1444636
1608510456 2509242 3182537 1444768
1608510486 2515578 3187419 1443185
1608510516 2493205 3185891 1446777
1608510546 2493256 3187583 1444768
1608510576 2496350 3187800 1446975
1608510606 2496990 3188087 1447742
1608510636 2497689 3188012 1450265
1608510666 2498777 3188835 1450265
1608510696 2500105 3186867 1451970
1608510726 2500212 3182549 1451970
1608510756 2500264 3182549 1451970
1608510786 2500264 3166525 1471267
1608510816 2503891 3188433 1453157
1608510846 2503943 3168700 1453157
1608510876 2504002 3168700 1453157
1608510906 2504004 3169096 1453157
1608510936 2504095 3169096 1453157
1608510966 2504199 3169360 1453157
1608510996 2504244 3169888 1453157
1608511026 2505111 3173386 1453157
1608511056 2506257 3175574 1453157
1608511086 2507604 3177949 1453170
1608511116 2507640 3178179 1453170
1608511146 2507708 3179624 1453170
1608511176 2507710 3182184 1453170
1608511206 2507711 3187847 1453170
1608511236 2507712 3188505 1453170
1608511266 2508041 3188668 1453170
1608511296 2508669 3188748 1453170
1608511326 2508672 3188824 1453170
1608511356 2508674 3182848 1453170
1608511386 2508806 3183734 1453171
1608511416 2508806 3184071 1453171
1608511446 2508824 3181908 1453171
1608511477 2565858 3184230 1453171
1608511507 2508835 3185679 1453171
1608511537 2517330 3186704 1453171
1608511567 2517322 3181909 1453171
1608511597 2517386 3187120 1453171
1608511627 2517472 3188286 1453171
1608511657 2517799 3185437 1453171
1608511687 2518179 3185439 1453171
1608511717 2518355 3187990 1453171
1608511747 2518883 3249571 1453171
1608511777 2518883 3189248 1457208
1608511807 2518884 3208387 1457208
1608511837 2518884 3189248 1457208
1608511867 2518949 3189248 1457208
1608511897 2518950 3189248 1457208
1608511927 2518950 3189248 1457237
1608511957 2519071 3189248 1457237
1608511987 2519073 3189248 1457253
1608512017 2519075 3189248 1457253
1608512047 2519077 3189248 1457253
1608512077 2519625 3189248 1457253
1608512107 2519630 3189248 1457253
1608512137 2519647 3189248 1457263
1608512167 2519649 3189248 1457263
1608512197 2515595 3191359 1457263
1608512227 2516147 3191419 1457265
1608512257 2522064 3191419 1457265
1608512287 2515300 3191419 1457266
1608512317 2517169 3191814 1457267
1608512347 2511911 3191857 1457267
1608512377 2515386 3191857 1457268
1608512407 2511911 3191857 1457268
1608512437 2518170 3191857 1457268
1608512467 2518369 3191857 1457268
1608512497 2545435 3191859 1457861
1608512527 2518442 3183868 1457902
1608512557 2538373 3184258 1447761
1608512587 2518442 3184274 1452494
1608512617 2518442 3184968 1452891
1608512647 2518442 3185691 1452910
1608512677 2518442 3186148 1452911
1608512707 2518442 3184410 1489062
1608512737 2518442 3185857 1455027
1608512767 2518442 3218854 1455297
1608512797 2518442 3205788 1455297
1608512827 2518442 3185857 1455297
1608512857 2518442 3185857 1455297
1608512887 2518442 3185858 1455297
1608512917 2518444 3185858 1455297
1608512947 2518446 3185858 1455297
1608512977 2518448 3185858 1455297
1608513007 2518451 3185858 1455298
1608513037 2518455 3185858 1455365
1608513067 2518458 3185858 1455429
1608513097 2511913 3185858 1458591
1608513127 2515156 3185858 1458601
1608513157 2515704 3185858 1458603
1608513187 2516113 3185858 1458607
1608513217 2516613 3185858 1458612
1608513247 2516617 3185894 1458615
1608513277 2515041 3185894 1458617
1608513307 2515568 3185894 1458620
1608513337 2515656 3185894 1458622
1608513367 2516103 3185894 1458626
1608513397 2515072 3185894 1458629
1608513427 2516781 3185895 1450153
1608513457 2511917 3190347 1452571
1608513487 2511917 3190347 1453643
1608513517 2512284 3190505 1453729
1608513547 2532216 3190506 1454195
1608513577 2512285 3190507 1454197
1608513607 2512285 3190527 1452895
1608513637 2512285 3182513 1450153
1608513667 2512285 3183634 1453340
1608513697 2512285 3184895 1450153
1608513727 2512285 3182548 1493994
1608513757 2512285 3183536 1455872
1608513788 2512285 3167395 1457786
1608513818 2512285 3168308 1457786
1608513848 2512285 3241726 1457786
1608513878 2517842 3241745 1457800
1608513908 2518276 3241759 1457800
1608513938 2518276 3241759 1457800
1608513968 2519076 3241759 1457802
1608513998 2519079 3241762 1457802
1608514028 2519095 3241762 1457802
1608514058 2519663 3243345 1457848
1608514088 2512922 3243345 1457875
1608514118 2513132 3243345 1459402
1608514148 2514427 3243609 1459441
1608514178 2512286 3250086 1460300
1608514208 2513713 3250119 1460312
1608514238 2514429 3250225 1460312
1608514268 2512286 3251042 1461055
1608514298 2514293 3251050 1461098
1608514328 2514307 3251073 1461098
1608514358 2514307 3251073 1461101
1608514388 2514583 3251075 1461102
1608514418 2516966 3251076 1461103
1608514448 2515161 3251077 1461105
1608514478 2540690 3251481 1461106
1608514508 2513080 3251483 1461108
1608514538 2513113 3251499 1461109
1608514568 2513113 3251597 1461109
1608514598 2513113 3251599 1461110
1608514628 2513115 3251622 1461765
1608514658 2513115 3251756 1461767
1608514688 2513115 3251780 1516624
1608514718 2513115 3251782 1492194
1608514748 2513115 3251783 1469021
1608514778 2513115 3269404 1462353
1608514808 2513115 3265114 1462353
1608514838 2513365 3251783 1462353
1608514868 2513365 3251783 1462353
1608514898 2513365 3251783 1462353
1608514928 2513365 3251783 1462353
1608514958 2516268 3251783 1462353
1608514988 2516315 3251783 1462354
1608515018 2516315 3251783 1462354
1608515048 2517347 3251783 1462354
1608515078 2517347 3251783 1462355
1608515108 2517347 3251784 1462357
1608515138 2518534 3251786 1462359
1608515168 2518550 3251787 1462360
1608515198 2519165 3251790 1462361
1608515228 2519169 3247192 1462362
1608515258 2519368 3247193 1462365
1608515288 2519697 3248722 1462370
1608515318 2519764 3250110 1462375
1608515348 2519767 3250110 1462376
1608515378 2519767 3250143 1462378
1608515408 2519767 3251594 1462380
1608515438 2519767 3252137 1462382
1608515468 2540028 3248899 1462383
1608515498 2554510 3251021 1462383
1608515528 2520315 3245726 1462386
1608515558 2520315 3252274 1462388
1608515588 2520315 3249245 1462390
1608515618 2520315 3250865 1462393
1608515648 2520315 3251185 1462395
1608515678 2520315 3252309 1462399
1608515708 2520315 3252403 1462401
1608515738 2520315 3284380 1462401
1608515768 2520315 3270992 1462401
1608515798 2520315 3253107 1462401
1608515828 2520315 3253107 1462401
1608515858 2520315 3253107 1462401
1608515888 2521086 3253107 1462401
1608515918 2521148 3253107 1462401
1608515948 2521149 3253107 1462401
1608515978 2521149 3253107 1462401
1608516008 2521151 3253107 1462401
1608516038 2512293 3253107 1462401
1608516068 2517319 3253107 1462401
1608516098 2512293 3253107 1462401
1608516128 2515584 3253123 1462401
1608516159 2515539 3253124 1462401
1608516189 2517269 3253125 1462401
1608516219 2517459 3253127 1462480
1608516249 2517462 3248037 1462485
1608516279 2515987 3248216 1462485
1608516309 2516120 3249769 1462485
1608516339 2518257 3250697 1462485
1608516369 2518291 3250715 1462485
1608516399 2519622 3250912 1462485
1608516429 2519626 3250916 1462485
1608516459 2519629 3250988 1462485
1608516489 2556803 3251080 1462485
1608516519 2522178 3251212 1462486
1608516549 2528517 3245789 1462486
1608516579 2575824 3249119 1462486
1608516609 2575886 3250317 1462487
1608516639 2575910 3250340 1454850
1608516669 2576225 3255440 1454351
1608516699 2576863 3250976 1455153
1608516729 2576863 3296836 1501510
1608516759 2577045 3298065 1443963
1608516789 2577045 3251495 1446432
1608516819 2577045 3251495 1448279
1608516849 2577097 3251495 1448279
1608516879 2577097 3251495 1448279
1608516909 2577166 3251495 1448279
1608516939 2577167 3251495 1448279
1608516969 2577498 3251495 1448279
1608516999 2577498 3251495 1449863
1608517029 2577625 3251495 1449929
1608517059 2577627 3251495 1457691
1608517089 2578100 3251495 1457823
1608517119 2578114 3251495 1458620
1608517149 2578114 3252550 1458819
1608517179 2578115 3252580 1458860
1608517209 2578127 3252580 1458860
1608517239 2578128 3252580 1458863
1608517269 2570507 3252580 1458866
1608517299 2572486 3254955 1459065
1608517329 2575079 3255004 1460024
1608517359 2570508 3255004 1460026
1608517389 2570508 3255004 1460029
1608517419 2575603 3255004 1460029
1608517449 2576684 3255004 1460032
1608517479 2577007 3255005 1460227
1608517509 2561322 3255006 1460283
1608517539 2563445 3255006 1460289
1608517569 2563511 3255008 1460294
1608517599 2563775 3255010 1460298
1608517629 2563775 3255013 1460299
1608517659 2563775 3255017 1460299
1608517689 2563775 3255018 1460304
1608517719 2563775 3255021 1460641
1608517749 2563775 3288218 1460641
1608517779 2571167 3281618 1462027
1608517809 2574525 3266900 1462027
1608517839 2576450 3255021 1462027
1608517869 2571493 3255021 1462027
1608517899 2571611 3255021 1462027
1608517929 2571946 3255021 1462027
1608517959 2572171 3255021 1462027
1608517989 2573229 3255021 1462027
1608518019 2573341 3255021 1462027
1608518049 2572428 3255022 1462027
1608518079 2572380 3255023 1462028
1608518109 2572648 3245996 1462029
1608518139 2573513 3249649 1462029
1608518169 2573933 3249688 1462029
1608518199 2575039 3249307 1462030
1608518229 2574265 3249334 1462031
1608518259 2574265 3250454 1462032
1608518289 2574265 3250463 1455410
1608518319 2574265 3250464 1455432
1608518349 2574265 3248578 1457497
1608518379 2574265 3250202 1458748
1608518409 2574265 3251052 1457507
1608518439 2570699 3251215 1457516
1608518469 2573420 3251217 1457516
1608518500 2577010 3245998 1457917
1608518530 2577011 3249579 1457936
1608518560 2577048 3250671 1457936
1608518590 2577048 3250673 1457936
1608518620 2577048 3251604 1457542
1608518650 2577048 3251689 1458610
1608518680 2577049 3251704 1458753
1608518710 2577049 3251704 1510899
1608518740 2577049 3251818 1456294
1608518770 2577049 3252438 1456294
1608518800 2577049 3238237 1456294
1608518830 2577049 3238690 1456294
1608518860 2577049 3240603 1456294
1608518890 2577049 3240669 1456295
1608518920 2577049 3240669 1456295
1608518950 2577049 3243243 1456295
1608518980 2577049 3243243 1456295
1608519010 2577049 3243243 1456295
1608519040 2577583 3249971 1456295
1608519070 2577619 3250032 1456297
1608519100 2578213 3250163 1456298
1608519130 2578835 3250954 1456298
1608519160 2578835 3250954 1456317
1608519190 2578849 3250956 1456344
1608519220 2578909 3253427 1456374
1608519250 2579822 3253432 1456376
1608519280 2579822 3253434 1458685
1608519310 2579822 3253437 1459151
1608519340 2579823 3253442 1459282
1608519370 2579823 3248371 1459303
1608519400 2570702 3249793 1461351
1608519430 2570702 3250434 1461507
1608519460 2571625 3250880 1461509
1608519490 2572762 3251553 1462130
1608519520 2572762 3251568 1462145
1608519550 2572762 3251657 1462682
1608519580 2572762 3252507 1462683
1608519610 2578437 3250381 1463639
1608519640 2578491 3251235 1455720
1608519670 2578491 3251244 1458045
1608519700 2578491 3251248 1458073
1608519730 2578491 3252823 1458073
1608519760 2578491 3268134 1458110
1608519790 2578491 3236439 1458110
1608519820 2579283 3236440 1458110
1608519850 2579668 3236440 1458110
1608519880 2579713 3236440 1458110
1608519910 2579944 3236440 1458110
1608519940 2581260 3236440 1458110
1608519970 2581407 3236440 1458110
1608520000 2581582 3236440 1458110
1608520030 2581707 3236440 1458307
1608520060 2581710 3236441 1459073
1608520090 2582220 3236444 1460900
1608520120 2582296 3236446 1461014
1608520150 2582381 3236449 1458543
1608520180 2582417 3236453 1458366
1608520210 2582419 3236458 1459160
1608520240 2582545 3236460 1458412
1608520270 2582579 3236464 1457076
1608520300 2582581 3236469 1460066
1608520330 2582582 3236472 1460187
1608520360 2582585 3236476 1460190
1608520390 2582671 3236479 1458646
1608520420 2582671 3236485 1462337
1608520450 2582705 3236490 1457155
1608520480 2582707 3236493 1455836
1608520510 2592327 3236494 1458958
1608520540 2583234 3236496 1459908
1608520570 2589751 3236506 1459908
1608520600 2590009 3236510 1455836
1608520630 2590141 3236514 1461066
1608520660 2590469 3236517 1460545
1608520690 2591515 3236523 1460611
1608520720 2591713 3236738 1462417
1608520750 2591977 3298052 1462417
1608520780 2592043 3264537 1462417
1608520810 2592043 3230614 1462417
1608520840 2592096 3230614 1462417
1608520871 2592097 3230614 1462417
1608520901 2592295 3230614 1462417
1608520931 2592318 3230614 1462417
1608520961 2592318 3230614 1462417
1608520991 2592546 3230614 1462417
1608521021 2592690 3230614 1462417
1608521051 2592694 3230877 1462417
1608521081 2592706 3230880 1462417
1608521111 2592935 3230881 1462417
1608521141 2585531 3230881 1462417
1608521171 2591365 3236939 1463477
1608521201 2589447 3236984 1463478
1608521231 2589484 3236984 1464223
1608521261 2589485 3236986 1464223
1608521291 2589486 3237076 1464224
1608521321 2591268 3232749 1464225
1608521351 2591754 3233445 1464226
1608521381 2591762 3233677 1464226
1608521411 2591763 3232159 1464228
1608521441 2591950 3233471 1455837
1608521471 2592608 3230697 1455837
1608521501 2602071 3234000 1456564
1608521531 2592705 3234270 1459739
1608521561 2627585 3234270 1459739
1608521591 2627585 3230697 1459798
1608521621 2627909 3234701 1460197
1608521651 2628169 3236039 1458975
1608521681 2628879 3232082 1456315
1608521711 2629369 3223563 1456315
1608521741 2629495 3224077 1462234
1608521771 2629947 3238630 1460526
1608521801 2630009 3224507 1460526
1608521831 2630123 3224507 1460526
1608521861 2630650 3224507 1460526
1608521891 2630782 3224507 1460533
1608521921 2630782 3224507 1460533
1608521951 2630782 3224507 1460535
1608521981 2630782 3224507 1460535
1608522011 2630782 3224507 1460536
1608522041 2630803 3224507 1461130
1608522071 2631199 3224507 1461130
1608522101 2631232 3224507 1463590
1608522131 2622058 3224508 1463855
1608522161 2623803 3224508 1463863
1608522191 2626268 3224543 1463863
1608522221 2626270 3227301 1463867
1608522251 2626339 3227301 1463867
1608522281 2627262 3227302 1463869
1608522311 2627262 3227304 1463872
1608522341 2628054 3227307 1464323
1608522371 2628186 3227307 1464325
1608522401 2628234 3227307 1464327
1608522431 2628292 3228299 1457542
1608522461 2628292 3227383 1460939
1608522491 2642916 3227384 1461502
1608522521 2632445 3227385 1461592
1608522551 2632445 3218155 1461593
1608522581 2632445 3218155 1457581
1608522611 2632445 3218155 1459348
1608522641 2632446 3226338 1456262
1608522671 2632446 3226551 1456262
1608522701 2632446 3226995 1507807
1608522731 2632446 3226998 1486285
1608522761 2632446 3229044 1456460
1608522791 2632448 3229044 1456460
1608522821 2632451 3229044 1456460
1608522851 2632455 3229044 1456460
1608522881 2632459 3229063 1456460
1608522911 2632466 3229063 1456460
1608522941 2632469 3229063 1456460
1608522971 2632471 3229063 1456460
1608523001 2623461 3229063 1457581
1608523031 2627556 3229063 1458659
1608523061 2627692 3229063 1459730
1608523091 2628047 3229063 1460154
1608523121 2628704 3229063 1460205
1608523151 2628765 3229063 1460979
1608523181 2628834 3229063 1461011
1608523212 2628855 3229063 1461290
1608523242 2628858 3229063 1461298
1608523272 2628861 3229063 1461361
1608523302 2628869 3229063 1461509
1608523332 2628989 3229063 1461511
1608523362 2629120 3229063 1461577
1608523392 2629235 3229063 1461577
1608523422 2629420 3229064 1461753
1608523452 2629423 3229066 1461754
1608523482 2629426 3229067 1461756
1608523512 2664204 3229070 1462005
1608523542 2632260 3229071 1462074
1608523572 2630017 3229072 1462078
1608523602 2630017 3222239 1462079
1608523632 2630017 3223149 1462253
1608523662 2630017 3224098 1462501
1608523692 2630017 3224525 1462808
1608523722 2630017 3224899 1462808
1608523752 2630017 3224934 1463401
1608523782 2630017 3224934 1463401
1608523812 2630017 3224934 1463401
1608523842 2630018 3224934 1463401
1608523872 2632922 3224934 1463401
1608523902 2632922 3224934 1463401
1608523932 2632938 3224934 1463401
1608523962 2632938 3224934 1463401
1608523992 2632938 3224934 1463401
1608524022 2632938 3224934 1463401
1608524052 2632938 3224934 1463401
1608524082 2632938 3224934 1463401
1608524112 2632939 3224934 1463401
1608524142 2632942 3224934 1463401
1608524172 2632944 3224934 1463401
1608524202 2632947 3224934 1463401
1608524232 2623508 3224934 1465182
1608524262 2625935 3226253 1465218
1608524292 2625999 3226253 1466141
1608524322 2631699 3226253 1466173
1608524352 2623509 3226253 1466176
1608524382 2623509 3226253 1466176
1608524412 2623509 3226271 1466176
1608524442 2625961 3226271 1466176
1608524472 2625966 3226271 1456938
1608524502 2666320 3226271 1456873
1608524532 2628935 3212578 1458612
1608524562 2628935 3215218 1458676
1608524592 2628935 3215271 1459138
1608524622 2628967 3215271 1458566
1608524652 2628967 3215271 1456452
1608524682 2628967 3215271 1459896
1608524712 2628967 3215272 1516226
1608524742 2628967 3215274 1500057
1608524772 2628967 3215274 1472548
1608524802 2628967 3200246 1460991
1608524832 2628967 3222836 1460991
1608524862 2628967 3203432 1460991
1608524892 2628967 3203498 1460991
1608524922 2628967 3203960 1460991
1608524952 2628969 3203960 1460991
1608524982 2628970 3203960 1460991
1608525012 2629431 3203960 1460991
1608525042 2629491 3203960 1460991
1608525072 2629935 3203960 1461518
1608525102 2629935 3204026 1461553
1608525132 2629935 3204026 1461721
1608525162 2631468 3204026 1461721
1608525192 2631468 3211845 1462708
1608525222 2631469 3211845 1462708
1608525252 2631469 3211862 1462708
1608525282 2631469 3211903 1462709
1608525312 2623532 3213644 1462709
1608525342 2623532 3215211 1462709
1608525372 2623532 3215266 1465465
1608525402 2616294 3215271 1457512
1608525432 2616294 3215314 1459294
1608525462 2616297 3215445 1459297
1608525492 2616297 3215492 1457514
1608525522 2687550 3215494 1457514
1608525553 2684212 3215496 1462862
1608525583 2725933 3215499 1462034
1608525613 2726439 3215950 1462742
1608525643 2726731 3205848 1461757
1608525673 2727055 3209711 1464017
1608525703 2727117 3207420 1459395
1608525733 2727117 3209792 1460213
1608525763 2727117 3245484 1460213
1608525793 2727485 3209793 1460213
1608525823 2727485 3209793 1460213
1608525853 2727485 3228008 1460213
1608525883 2727527 3209793 1460213
1608525913 2727527 3209793 1460213
1608525943 2727527 3209793 1460213
1608525973 2726214 3209793 1460279
1608526003 2726293 3209793 1461321
1608526033 2726293 3209793 1462245
1608526063 2730391 3209793 1458635
1608526093 2730990 3209794 1460291
1608526123 2731086 3208476 1459889
1608526153 2731108 3208525 1460628
1608526183 2731108 3208534 1460091
1608526213 2731112 3209733 1461263
1608526243 2731115 3210533 1461621
1608526273 2731681 3210624 1461625
1608526303 2731703 3210643 1462330
1608526333 2731744 3211576 1462585
1608526363 2731747 3208811 1461833
1608526393 2731750 3209890 1457514
1608526423 2731780 3211008 1462052
1608526453 2731813 3211062 1457514
1608526483 2731834 3212149 1459032
1608526513 2726641 3212169 1462444
1608526543 2716126 3212173 1462459
1608526573 2721795 3212443 1460756
1608526603 2721979 3212479 1462791
1608526633 2722439 3212482 1457514
1608526663 2723190 3212523 1457514
1608526693 2723443 3209566 1461186
1608526723 2723971 3211921 1500542
1608526753 2723971 3212558 1463781
1608526783 2729724 3230883 1463781
1608526813 2732950 3213328 1463781
1608526843 2732951 3213329 1463781
1608526873 2732951 3213329 1463781
1608526903 2733461 3213329 1463781
1608526933 2733516 3213329 1463781
1608526963 2735175 3213329 1463781
1608526993 2735193 3213329 1463781
1608527023 2735399 3213329 1463781
1608527053 2735464 3213329 1463781
1608527083 2735956 3213329 1463781
1608527113 2736001 3213330 1463781
1608527143 2736135 3213334 1463781
1608527173 2736138 3213919 1465306
1608527203 2736195 3207840 1465306
1608527233 2737256 3207891 1465306
1608527263 2737286 3206489 1466229
1608527293 2738144 3211530 1466250
1608527323 2738725 3211698 1466250
1608527353 2738747 3211753 1466410
1608527383 2739479 3210848 1466411
1608527413 2739479 3211234 1466412
1608527443 2739538 3211298 1464513
1608527473 2739556 3211938 1465145
1608527503 2741297 3209945 1465145
1608527533 2731932 3211894 1465145
1608527563 2731998 3212354 1465146
1608527593 2732004 3212378 1457529
1608527623 2732004 3212456 1457529
1608527653 2732004 3212556 1460681
1608527683 2732005 3206489 1459941
1608527713 2732005 3210171 1459941
1608527743 2732005 3262790 1485908
1608527773 2732005 3260863 1457529
1608527803 2732005 3220814 1457529
1608527833 2733655 3210255 1457529
1608527864 2733801 3210255 1457529
1608527894 2734603 3210255 1457530
1608527924 2735079 3210255 1457530
1608527954 2735142 3210255 1457530
1608527984 2735561 3210255 1457530
1608528014 2735612 3210255 1457530
1608528044 2735643 3210255 1458795
1608528074 2736454 3210255 1458825
1608528104 2736478 3210454 1460118
1608528134 2736484 3210935 1461743
1608528164 2736492 3210937 1461746
1608528194 2737057 3210940 1461764
1608528224 2737110 3210943 1461878
1608528254 2737162 3211012 1462684
1608528284 2737270 3210582 1462687
1608528314 2737396 3210653 1462709
1608528344 2737429 3207808 1462867
1608528374 2737431 3206488 1462869
1608528404 2737670 3210694 1462905
1608528434 2737753 3211910 1462941
1608528464 2737830 3211917 1462945
1608528494 2777360 3212036 1463067
1608528524 2739017 3212074 1463071
1608528554 2774590 3210591 1463072
1608528584 2739017 3206488 1463126
1608528614 2739017 3211953 1463236
1608528644 2739017 3212221 1463239
1608528674 2739018 3212261 1463240
1608528704 2739018 3211605 1496154
1608528734 2739018 3209920 1465197
1608528764 2739018 3249783 1463284
1608528794 2739126 3209921 1463285
1608528824 2736976 3250110 1463285
1608528854 2729605 3342293 1463285
1608528884 2729605 3342899 1463285
1608528914 2729606 3343059 1463285
1608528944 2729608 3343635 1463285
1608528974 2731067 3344463 1463285
1608529004 2731067 3344645 1463285
1608529034 2729612 3344995 1463285
1608529064 2733059 3345003 1463285
1608529094 2733131 3345003 1463286
1608529124 2731071 3345003 1463287
1608529154 2733208 3345073 1463290
1608529184 2733274 3345073 1463296
1608529214 2733547 3345093 1460372
1608529244 2729624 3345093 1462358
1608529274 2731207 3345093 1462408
1608529304 2733424 3345093 1462514
1608529334 2729627 3347920 1462647
1608529364 2733629 3347955 1458850
1608529394 2731344 3347956 1461465
1608529424 2731446 3347957 1461484
1608529454 2733546 3347957 1461668
1608529484 2733622 3347960 1461748
1608529514 2773147 3347961 1462080
1608529544 2733624 3347961 1462626
1608529574 2753555 3348094 1462692
1608529604 2733624 3348095 1462709
1608529634 2733624 3348095 1462999
1608529664 2733624 3348703 1461010
1608529694 2733624 3348703 1463084
1608529724 2733624 3348703 1502933
1608529754 2733624 3348736 1463084
1608529784 2702060 3348736 1463084
1608529814 2702060 3348736 1463084
1608529844 2702060 3348736 1463084
1608529874 2702060 3348736 1463084
1608529904 2702060 3348736 1463084
1608529934 2702060 3348736 1463084
1608529964 2702060 3348736 1463084
1608529994 2702060 3348736 1463084
1608530024 2702060 3348736 1463084
1608530054 2702060 3348736 1463084
1608530084 2702060 3348736 1463084
1608530114 2702060 3348736 1463084
1608530144 2702060 3348736 1463084
1608530174 2702060 3349716 1463084
1608530205 2702062 3349716 1463084
1608530235 2702063 3349716 1463084
1608530265 2702065 3349716 1463084
1608530295 2702068 3350705 1463084
1608530325 2702069 3350752 1466634
1608530355 2702072 3350752 1466634
1608530385 2705484 3350752 1466634
1608530415 2705596 3350752 1466634
1608530445 2705597 3350754 1458314
1608530475 2705599 3350754 1458613
1608530505 2707637 3350755 1458852
1608530535 2707637 3341758 1465184
1608530565 2727568 3343257 1465185
1608530595 2707637 3341758 1465464
1608530625 2707637 3342901 1465464
1608530655 2707637 3351070 1457531
1608530685 2707637 3351090 1460593
1608530715 2707637 3343026 1462041
1608530745 2707637 3341776 1448926
1608530775 2707637 3341776 1452555
1608530805 2707637 3341776 1453940
1608530835 2707637 3341776 1454006
1608530865 2707637 3341776 1454006
1608530895 2707637 3341776 1454006
1608530925 2707637 3341776 1454204
1608530955 2707638 3341776 1454204
1608530985 2707639 3341776 1459363
1608531015 2707639 3341776 1461860
1608531045 2707950 3341776 1463191
1608531075 2707950 3341776 1464381
1608531105 2707952 3341776 1464382
1608531135 2700084 3347913 1464386
1608531165 2701311 3347945 1464389
1608531195 2701585 3347945 1464390
1608531225 2701586 3347945 1464393
1608531255 2702420 3347946 1464394
1608531285 2702944 3347946 1464909
1608531315 2703000 3348077 1465017
1608531345 2703433 3349264 1465020
1608531375 2698597 3349278 1465022
1608531405 2701630 3349434 1465027
1608531435 2703457 3350012 1465031
1608531465 2703543 3350220 1465107
1608531495 2703544 3350222 1465110
1608531525 2703544 3350288 1465112
1608531555 2723475 3344259 1465114
1608531585 2703544 3344481 1462319
1608531615 2703544 3344785 1463000
1608531645 2703544 3345935 1464152
1608531675 2703544 3341776 1464161
1608531705 2703544 3346766 1464279
1608531735 2703544 3346839 1447961
1608531765 2703544 3346839 1448290
1608531795 2703544 3346839 1448686
1608531825 2703545 3346845 1449148
1608531855 2703545 3346845 1449346
1608531885 2703545 3346845 1449676
1608531915 2703545 3346845 1450007
1608531945 2703545 3346845 1450205
1608531975 2703546 3346845 1450205
1608532005 2703547 3346845 1450205
1608532035 2703548 3346845 1450218
1608532065 2698599 3346845 1453707
1608532095 2705836 3348164 1459146
1608532125 2699435 3348510 1459912
1608532155 2699435 3349145 1461054
1608532185 2699435 3349646 1461125
1608532215 2701479 3349646 1461816
1608532245 2703168 3350501 1461848
1608532275 2703188 3351059 1462735
1608532305 2702912 3351093 1463278
1608532335 2703352 3351093 1464886
1608532365 2703608 3351094 1464890
1608532395 2703724 3351095 1465032
1608532425 2701350 3342143 1465167
1608532455 2702781 3343192 1465558
1608532485 2743673 3343803 1465582
1608532516 2739647 3344182 1466187
1608532546 2702820 3345092 1465596
1608532576 2702820 3346452 1465644
1608532606 2702820 3346883 1456221
1608532636 2702820 3344435 1458881
1608532666 2702821 3346824 1456537
1608532696 2702821 3347658 1459568
1608532726 2702821 3347729 1459568
1608532756 2702821 3347763 1461131
1608532786 2702821 3387626 1461131
1608532816 2702821 3347763 1461141
1608532846 2703216 3347763 1461141
1608532876 2703216 3347763 1461141
1608532906 2703243 3347763 1461171
1608532936 2703243 3347763 1461171
1608532966 2703243 3347763 1461171
1608532996 2705578 3347763 1461171
1608533026 2705578 3347763 1461171
1608533056 2706659 3347763 1461171
1608533086 2706659 3347763 1461171
1608533116 2706659 3347763 1461172
1608533146 2706660 3348526 1461172
1608533176 2706660 3348526 1461174
1608533206 2706672 3349869 1462510
1608533236 2706673 3349869 1462510
1608533266 2706675 3349869 1462511
1608533296 2706676 3349869 1462513
1608533326 2706678 3350990 1462514
1608533356 2706680 3351054 1462919
1608533386 2706682 3351054 1462925
1608533416 2706682 3351054 1462929
1608533446 2706684 3351055 1460648
1608533476 2706867 3351056 1460652
1608533506 2706868 3351058 1460965
1608533536 2713394 3343593 1461428
1608533566 2692570 3344437 1461529
1608533596 2709992 3345482 1461560
1608533626 2694483 3345518 1463081
1608533656 2694813 3345649 1463213
1608533686 2694813 3347516 1463598
1608533716 2695275 3344589 1517458
1608533746 2695275 3344443 1505799
1608533776 2695275 3344507 1466002
1608533806 2695275 3369184 1466002
1608533836 2695275 3329371 1466002
1608533866 2695275 3350816 1466002
1608533896 2695275 3331281 1466002
1608533926 2704089 3331545 1466002
1608533956 2704093 3331743 1466002
1608533986 2705284 3331743 1466003
1608534016 2705457 3331743 1466003
1608534046 2705458 3331743 1466003
1608534076 2697629 3338871 1466003
1608534106 2702476 3340445 1466008
1608534136 2702481 3340706 1466008
1608534166 2702486 3343735 1466008
1608534196 2702980 3343799 1466008
1608534226 2703126 3345704 1468713
1608534256 2703249 3346262 1466263
1608534286 2703259 3346311 1466614
1608534316 2703261 3346384 1466614
1608534346 2703721 3346431 1466763
1608534376 2703595 3346819 1466763
1608534406 2703674 3346855 1474418
1608534436 2703706 3347364 1466763
1608534466 2703740 3347423 1466764
1608534496 2698099 3344884 1466764
1608534526 2716578 3345807 1466766
1608534556 2703544 3346077 1466767
1608534586 2703544 3346357 1466767
1608534616 2703544 3346739 1457011
1608534646 2703544 3347115 1459415
1608534676 2703544 3347158 1459623
1608534706 2703544 3347577 1460937
1608534736 2703544 3347580 1520974
1608534766 2703544 3348096 1462739
1608534796 2704769 3348096 1462739
1608534826 2698122 3348096 1462739
1608534857 2702264 3368027 1462739
1608534887 2703061 3348096 1462739
1608534917 2703114 3348096 1462739
1608534947 2703844 3348096 1462739
1608534977 2704792 3348096 1462739
1608535007 2702480 3348096 1462739
1608535037 2699497 3348096 1462739
1608535067 2702869 3348096 1462739
1608535097 2703177 3348096 1462739
1608535127 2698411 3348096 1462739
1608535157 2701548 3348096 1464175
1608535187 2703465 3348096 1464175
1608535217 2699893 3349922 1464212
1608535247 2698412 3349922 1464214
1608535277 2703289 3349922 1464217
1608535307 2703973 3351043 1464243
1608535337 2698412 3351074 1465954
1608535367 2703125 3351074 1465955
1608535397 2703534 3351074 1465956
1608535427 2702839 3351076 1465957
1608535457 2701856 3351076 1465958
1608535487 2698414 3342490 1465958
1608535517 2707032 3341520 1465969
1608535547 2702420 3343401 1466017
1608535577 2702420 3343532 1466017
1608535607 2702421 3343652 1466020
1608535637 2702421 3344473 1466024
1608535667 2702421 3341520 1466025
1608535697 2702421 3345135 1466027
1608535727 2702421 3341520 1459251
1608535757 2702421 3344424 1459343
1608535787 2702421 3346864 1459345
1608535817 2702421 3317774 1459345
1608535847 2702421 3337706 1459345
1608535877 2702421 3317775 1459349
1608535907 2702421 3317775 1459354
1608535937 2702422 3301391 1459367
1608535967 2702542 3301391 1459367
1608535997 2703028 3301391 1459367
1608536027 2703223 3301391 1459367
1608536057 2703713 3301391 1459367
1608536087 2703713 3301391 1459367
1608536117 2703713 3301391 1459368
1608536147 2703738 3301391 1459699
1608536177 2704120 3301391 1459709
1608536207 2704520 3301392 1459932
1608536237 2698436 3301393 1464636
1608536267 2701987 3301393 1464637
1608536297 2702305 3301393 1464639
1608536327 2703506 3303677 1464640
1608536357 2703545 3303677 1465085
1608536387 2703594 3303721 1465272
1608536417 2703634 3303754 1457469
1608536447 2701893 3303755 1458867
1608536477 2701893 3303756 1460177
1608536507 2728764 3297781 1460177
1608536537 2708096 3297705 1460931
1608536567 2701893 3299203 1461781
1608536597 2701893 3301244 1461811
1608536627 2701893 3300195 1461315
1608536657 2701893 3301277 1460324
1608536687 2701893 3301327 1460549
1608536717 2701893 3301329 1462343
1608536747 2701893 3301679 1462639
1608536777 2701893 3301856 1462701
1608536807 2701893 3341653 1466462
1608536837 2701893 3285835 1466462
1608536867 2701893 3285967 1466462
1608536897 2701893 3286165 1466463
1608536927 2701893 3286363 1466463
1608536957 2701893 3286495 1466463
1608536987 2701893 3286495 1466463
1608537017 2706028 3286627 1466463
1608537047 2706028 3286627 1466463
1608537077 2706028 3286759 1466491
1608537107 2706354 3287089 1466491
1608537137 2706421 3287551 1466491
1608537167 2706464 3287881 1466491
1608537198 2706468 3287881 1466491
1608537228 2706468 3291841 1466491
1608537258 2706468 3293425 1466491
1608537288 2706468 3295471 1466491
1608537318 2706468 3295471 1466491
1608537348 2706469 3295471 1466491
1608537378 2706469 3296911 1466493
1608537408 2706471 3296933 1466493
1608537438 2707070 3300205 1466494
1608537468 2707478 3301032 1466505
1608537498 2707708 3301072 1466635
1608537528 2707708 3301203 1466637
1608537558 2707708 3301206 1466640
1608537588 2707708 3304399 1466643
1608537618 2707708 3304401 1466644
1608537648 2707708 3304703 1466644
1608537678 2707708 3305042 1466646
1608537708 2707708 3305044 1465910
1608537738 2707708 3305063 1466399
1608537768 2707708 3305086 1500058
1608537798 2707708 3305086 1466399
1608537828 2707708 3288735 1466399
1608537858 2707708 3289196 1466399
1608537888 2707708 3289790 1466399
1608537918 2707708 3290252 1466399
1608537948 2707708 3290318 1466399
1608537978 2707708 3290318 1466399
1608538008 2707708 3290516 1466399
1608538038 2707708 3290582 1466399
1608538068 2707708 3290582 1466399
1608538098 2707708 3294066 1466399
1608538128 2707708 3295914 1466399
1608538158 2707708 3296233 1466399
1608538188 2707709 3298525 1466400
1608538218 2707709 3299893 1466400
1608538248 2707709 3301099 1458392
1608538278 2707712 3302046 1458392
1608538308 2707715 3303718 1458827
1608538338 2707716 3303720 1459387
1608538368 2707720 3303720 1460357
1608538398 2707725 3303722 1461475
1608538428 2707727 3303728 1461922
1608538458 2701144 3303923 1462737
1608538488 2701919 3304094 1463310
1608538518 2702248 3304581 1463673
1608538548 2749956 3304583 1463733
1608538578 2702248 3304583 1463809
1608538608 2702248 3304746 1460285
1608538638 2702248 3304748 1461734
1608538668 2702248 3304750 1457724
1608538698 2702248 3304754 1461842
1608538728 2702248 3304755 1462567
1608538758 2702248 3304757 1462567
1608538788 2702248 3365471 1462567
1608538818 2702248 3348809 1462567
1608538848 2702249 3305715 1462567
1608538878 2702317 3315813 1462567
1608538908 2702566 3315823 1462567
1608538938 2702635 3315823 1462567
1608538968 2701624 3315823 1462567
1608538998 2702520 3315823 1462567
1608539028 2703083 3315823 1462567
1608539058 2698911 3315823 1462567
1608539088 2703472 3315823 1462567
1608539118 2703604 3315824 1462567
1608539148 2702618 3315824 1463441
1608539178 2703079 3316170 1463988
1608539208 2703081 3309282 1464977
1608539238 2703457 3311913 1465293
1608539268 2703459 3311924 1465331
1608539298 2703479 3311926 1465331
1608539328 2703708 3311963 1465331
1608539358 2703777 3311975 1465331
1608539388 2701993 3312938 1465331
1608539418 2703701 3310039 1465331
1608539448 2704410 3310977 1465331
1608539478 2705272 3311071 1465925
1608539509 2705290 3312315 1465940
1608539539 2705290 3312777 1457724
1608539569 2705290 3312823 1458914
1608539599 2705290 3312981 1457724
1608539629 2705290 3313113 1459718
1608539659 2705290 3313180 1460990
1608539689 2705290 3313182 1459043
1608539719 2705290 3313183 1460457
1608539749 2705290 3308423 1461640
1608539779 2705290 3310829 1447052
1608539809 2705290 3330760 1447209
1608539839 2705290 3310829 1450438
1608539869 2705290 3310829 1451626
1608539899 2708060 3310829 1451645
1608539929 2708060 3310829 1451645
1608539959 2708060 3310829 1452107
1608539989 2708060 3310829 1452107
1608540019 2708191 3310829 1452109
1608540049 2708220 3310829 1454485
1608540079 2708222 3310829 1454821
1608540109 2708225 3310829 1456471
1608540139 2708228 3310830 1458517
1608540169 2708229 3311621 1458517
1608540199 2708231 3311655 1460615
1608540229 2708233 3311655 1460629
1608540259 2708233 3313898 1460657
1608540289 2708237 3313928 1460657
1608540319 2698913 3313928 1462042
1608540349 2700989 3313928 1462051
1608540379 2698913 3315167 1462051
1608540409 2702893 3315168 1462051
1608540439 2702416 3315169 1463477
1608540469 2714833 3315170 1463477
1608540499 2729575 3315199 1463525
1608540529 2747686 3315201 1463528
1608540559 2704892 3306708 1463531
1608540589 2704892 3307756 1463576
1608540619 2704892 3309214 1463576
1608540649 2704892 3309829 1463624
1608540679 2704892 3309971 1463624
1608540709 2704892 3309133 1463625
1608540739 2704892 3310303 1490028
1608540769 2704892 3309666 1463630
1608540799 2704892 3328277 1484273
1608540829 2704892 3309666 1465152
1608540859 2704925 3310193 1465152
1608540889 2704925 3310193 1465152
1608540919 2704925 3310193 1465152
1608540949 2704925 3310193 1465152
1608540979 2707650 3310193 1465152
1608541009 2707650 3310193 1465152
1608541039 2707973 3310193 1465152
1608541069 2707973 3310193 1465152
1608541099 2707973 3310193 1465152
1608541129 2707974 3310193 1465152
1608541159 2707974 3310193 1465152
1608541189 2707974 3310193 1465153
1608541219 2707974 3310249 1465153
1608541249 2707974 3311037 1458516
1608541279 2707974 3311048 1460569
1608541309 2707975 3311049 1462636
1608541339 2707975 3311317 1460297
1608541369 2707976 3311392 1460566
1608541399 2701805 3311395 1460567
1608541429 2701805 3312330 1460706
1608541459 2701805 3312352 1464519
1608541489 2701805 3312433 1465788
1608541519 2708228 3312484 1465790
1608541549 2705457 3312696 1465792
1608541579 2705457 3312756 1460033
1608541609 2705457 3312756 1458516
1608541639 2705457 3312824 1458516
1608541669 2705457 3312882 1463354
1608541699 2705457 3312907 1464214
1608541729 2705457 3312935 1464221
1608541759 2705457 3310969 1504282
1608541789 2705457 3311008 1464221
1608541819 2705457 3295809 1464221
1608541850 2707766 3301571 1464221
1608541880 2707829 3305624 1464221
1608541910 2707829 3305624 1464221
1608541940 2707829 3305624 1464221
1608541970 2707831 3305624 1464221
1608542000 2707831 3305624 1464221
1608542030 2707831 3305624 1464221
1608542060 2707831 3305624 1464221
1608542090 2707831 3311703 1464222
1608542120 2707100 3312758 1464222
1608542150 2707100 3312762 1464223
1608542180 2707101 3312782 1466438
1608542210 2698914 3317085 1466459
1608542240 2701649 3317087 1466461
1608542270 2702705 3317089 1466461
1608542300 2703425 3317091 1466852
1608542330 2703425 3309465 1466891
1608542360 2701153 3309550 1467554
1608542390 2703001 3310951 1467637
1608542420 2701769 3309634 1467637
1608542450 2703593 3309923 1467637
1608542480 2703680 3312176 1467637
1608542510 2702508 3309973 1475668
1608542540 2703389 3310651 1468083
1608542570 2704277 3308080 1468084
1608542600 2704293 3311054 1468085
1608542630 2704309 3312254 1468087
1608542660 2704342 3312596 1469250
1608542690 2704358 3306483 1461005
1608542720 2704390 3311613 1464596
1608542750 2704422 3313272 1499939
1608542780 2704422 3314477 1517503
1608542810 2704422 3314829 1467280
1608542840 2672824 3300240 1467296
1608542870 2672824 3302918 1467309
1608542900 2672824 3303132 1467325
1608542930 2672824 3303198 1467341
1608542960 2659979 3303660 1467342
1608542990 2659979 3304038 1467358
1608543020 2659979 3304104 1467358
1608543050 2659979 3304120 1467358
1608543080 2659979 3304120 1467358
1608543110 2659979 3304120 1470138
1608543140 2659979 3307534 1470155
1608543170 2659979 3310818 1470206
1608543200 2659979 3311407 1470208
1608543230 2659979 3315273 1470849
1608543260 2659981 3315273 1470850
1608543290 2659981 3315509 1471467
1608543320 2664970 3315599 1471470
1608543350 2664970 3316982 1471470
1608543380 2665390 3317024 1463442
1608543410 2665391 3317095 1464889
1608543440 2665395 3317458 1467899
1608543470 2665396 3317614 1467900
1608543500 2656386 3317643 1467988
1608543530 2657556 3309686 1463442
1608543560 2671283 3310064 1463442
1608543590 2657692 3310433 1466140
1608543620 2657692 3311295 1468375
1608543650 2657660 3312149 1468402
1608543680 2657660 3312209 1466702
1608543710 2657660 3312675 1464875
1608543740 2657660 3314123 1463442
1608543770 2657660 3314626 1511421
1608543800 2657660 3314689 1464628
1608543830 2657738 3354296 1464883
1608543860 2657739 3314785 1464883
1608543890 2657744 3314785 1464883
1608543920 2657747 3314785 1464883
1608543950 2657748 3314785 1464883
1608543980 2657749 3314785 1464883
1608544010 2664085 3314785 1464883
1608544040 2664133 3314785 1464883
1608544070 2664134 3314785 1464883
1608544100 2664136 3314785 1464883
1608544130 2664228 3314785 1464883
1608544160 2664564 3314785 1464884
1608544191 2664564 3314785 1470301
1608544221 2664564 3314785 1470326
1608544251 2664564 3314785 1470327
1608544281 2664631 3315497 1470476
1608544311 2664676 3315497 1470477
1608544341 2665134 3315497 1464300
1608544371 2659602 3317872 1465922
1608544401 2656491 3317891 1466015
1608544431 2661261 3317892 1466079
1608544461 2661417 3317892 1467521
1608544491 2661424 3317989 1463575
1608544521 2660520 3317989 1467231
1608544551 2665412 3317990 1468988
1608544581 2661140 3317991 1469010
1608544611 2661140 3317991 1469012
1608544641 2661140 3317991 1469324
1608544671 2661140 3317993 1469564
1608544701 2661140 3310827 1469645
1608544731 2661140 3317401 1469915
1608544761 2661140 3317401 1467023
1608544791 2661140 3320714 1497911
1608544821 2661140 3320714 1481198
1608544851 2661142 3320714 1469540
1608544881 2661143 3320714 1469540
1608544911 2661594 3320714 1469540
1608544941 2661874 3320714 1469540
1608544971 2661894 3320714 1469540
1608545001 2662012 3320715 1469540
1608545031 2662017 3320715 1469540
1608545061 2662317 3320715 1469542
1608545091 2662321 3320715 1469545
1608545121 2662325 3320715 1469551
1608545151 2662329 3321638 1469938
1608545181 2656492 3321688 1466294
1608545211 2660209 3321688 1466376
1608545241 2660697 3324606 1467341
1608545271 2660697 3324677 1467358
1608545301 2661199 3325089 1467359
1608545331 2661199 3325089 1466938
1608545361 2661252 3325091 1467720
1608545391 2661292 3325092 1469119
1608545421 2661684 3325512 1469546
1608545451 2661685 3319029 1469562
1608545481 2661685 3319029 1469562
1608545511 2661685 3319029 1469562
1608545541 2661686 3330579 1469562
1608545571 2702612 3320268 1469562
1608545601 2663541 3330362 1469562
1608545631 2663541 3322542 1469563
1608545661 2663542 3322572 1468741
1608545691 2663542 3318584 1469000
1608545721 2663542 3321065 1463577
1608545751 2663542 3321120 1469481
1608545781 2663542 3321780 1469889
1608545811 2663542 3366234 1471282
1608545841 2663542 3382668 1471282
1608545871 2663542 3282063 1471283
1608545901 2663542 3278143 1471283
1608545931 2663555 3278144 1471283
1608545961 2663555 3278144 1471284
1608545991 2664742 3278144 1471284
1608546021 2665178 3278144 1471284
1608546051 2665547 3278144 1471284
1608546081 2666078 3278144 1471284
1608546111 2666078 3283483 1471284
1608546141 2666078 3289975 1471284
1608546171 2666078 3292562 1471553
1608546201 2666078 3292566 1471553
1608546231 2666078 3292567 1471553
1608546261 2666079 3292569 1471553
1608546291 2666080 3292570 1471553
1608546321 2666080 3292570 1471553
1608546351 2666191 3292574 1472881
1608546381 2666191 3292628 1472881
1608546411 2666192 3293355 1472883
1608546441 2666192 3293684 1463712
1608546471 2659630 3286390 1471900
1608546502 2659820 3287063 1471900
1608546532 2659486 3289763 1464767
1608546562 2661511 3287063 1465446
1608546592 2662104 3289196 1465938
1608546622 2662104 3289271 1466233
1608546652 2662104 3291183 1466307
1608546682 2665997 3291316 1466307
1608546712 2665997 3292154 1467255
1608546742 2665997 3292408 1467256
1608546772 2665997 3292514 1467838
1608546802 2665997 3292540 1467969
1608546832 2665997 3292804 1453338
1608546862 2665998 3292804 1455907
1608546892 2661376 3292841 1456369
1608546922 2663120 3292841 1456369
1608546952 2663132 3292841 1457161
1608546982 2662458 3292841 1457293
1608547012 2662508 3292841 1457293
1608547042 2662546 3292841 1457293
1608547072 2663932 3292841 1462876
1608547102 2665223 3292841 1464064
1608547132 2665229 3292841 1465412
1608547162 2665496 3277688 1468926
1608547192 2665549 3278501 1463111
1608547222 2665829 3278965 1464730
1608547252 2665886 3280622 1463797
1608547282 2663935 3280666 1466526
1608547312 2663935 3280666 1463797
1608547342 2664005 3280666 1467688
1608547372 2665153 3281482 1469018
1608547402 2663972 3281482 1469399
1608547432 2660595 3281483 1469400
1608547462 2664340 3281484 1469400
1608547492 2665399 3281484 1469400
1608547522 2664928 3281487 1469454
1608547552 2666367 3281489 1469915
1608547582 2676266 3274494 1467782
1608547612 2666418 3273455 1467843
1608547642 2666418 3274879 1468045
1608547672 2666418 3276209 1468488
1608547702 2666418 3274959 1469251
1608547732 2666418 3275007 1467527
1608547762 2666418 3272268 1469753
1608547792 2666418 3275249 1469861
1608547822 2666418 3276349 1453510
1608547852 2666418 3276349 1454037
1608547882 2666885 3277866 1454433
1608547912 2666931 3277866 1454895
1608547942 2666932 3277866 1455027
1608547972 2667365 3277866 1455291
1608548002 2663576 3277866 1455489
1608548032 2663631 3277866 1455621
1608548062 2664843 3277866 1455621
1608548092 2662107 3277866 1455844
1608548122 2664769 3277866 1462869
1608548152 2666065 3277866 1463008
1608548182 2666285 3277866 1463045
1608548212 2664176 3278400 1470771
1608548242 2665758 3278965 1472636
1608548272 2667267 3278965 1472715
1608548302 2667268 3278965 1473475
1608548332 2667641 3229956 1473476
1608548362 2665609 3229956 1473476
1608548392 2665609 3230248 1473476
1608548422 2665689 3232060 1473477
1608548452 2662437 3232061 1473614
1608548482 2662448 3223197 1463570
1608548512 2662448 3225441 1465518
1608548542 2662448 3231373 1466099
1608548572 2691042 3231374 1463572
1608548602 2697625 3231376 1467034
1608548632 2662449 3231377 1467805
1608548662 2648815 3231378 1467805
1608548692 2648815 3226120 1463627
1608548722 2648815 3226120 1463627
1608548752 2648815 3228125 1463627
1608548782 2648815 3229290 1463627
1608548812 2648815 3229377 1469590
1608548843 2648815 3229393 1468345
1608548873 2648815 3230997 1468345
1608548903 2648815 3231026 1468345
1608548933 2648815 3241236 1468345
1608548963 2648815 3241242 1468345
1608548993 2648815 3241242 1468345
1608549023 2648817 3241242 1468345
1608549053 2648818 3241257 1468345
1608549083 2648819 3241257 1468345
1608549113 2648874 3241257 1468345
1608549143 2647022 3241257 1468345
1608549173 2654581 3241260 1471854
1608549203 2654582 3241263 1471854
1608549233 2654582 3241265 1471854
1608549263 2654582 3241431 1471854
1608549293 2654583 3241436 1471854
1608549323 2654583 3235750 1471855
1608549353 2654925 3233457 1463627
1608549383 2655452 3236195 1471082
1608549413 2655471 3246928 1463812
1608549443 2655471 3238330 1463812
1608549473 2655533 3238377 1465924
1608549503 2655533 3238383 1465129
1608549533 2655533 3238519 1466376
1608549563 2647022 3238523 1467464
1608549593 2650227 3238607 1468403
1608549623 2650227 3238609 1468425
1608549653 2650227 3239030 1468495
1608549683 2650227 3239088 1468630
1608549713 2650227 3239108 1469271
1608549743 2650227 3239181 1463647
1608549773 2650227 3237254 1468000
1608549803 2650227 3239308 1468067
1608549833 2650227 3239723 1507992
1608549863 2650227 3251393 1468068
1608549893 2650227 3240836 1468068
1608549923 2650227 3256873 1468068
1608549953 2650227 3240836 1468068
1608549983 2651414 3240836 1468068
1608550013 2651938 3240836 1468068
1608550043 2651991 3240836 1468068
1608550073 2651991 3240836 1468068
1608550103 2651991 3240836 1468068
1608550133 2651991 3240836 1468068
1608550163 2651991 3240836 1468068
1608550193 2651991 3240836 1468850
1608550223 2651991 3240839 1469332
1608550253 2651991 3241284 1469596
1608550283 2655160 3241286 1469716
1608550313 2655160 3233457 1469920
1608550343 2655253 3236232 1470034
1608550373 2647898 3241633 1470056
1608550403 2648835 3241645 1470488
1608550433 2650039 3241663 1470534
1608550463 2650788 3242127 1470536
1608550493 2650788 3233474 1470645
1608550523 2647048 3237840 1470648
1608550553 2647049 3237245 1470819
1608550583 2647049 3238466 1470821
1608550613 2680887 3238499 1470874
1608550643 2647115 3238503 1470884
1608550673 2647168 3238634 1470886
1608550703 2647168 3238778 1470991
1608550733 2647168 3239686 1470996
1608550763 2647168 3239732 1470998
1608550793 2647168 3239798 1471000
1608550823 2647168 3239843 1471003
1608550853 2647168 3239903 1457780
1608550883 2647168 3278040 1457977
1608550913 2648343 3223815 1458967
1608550943 2649627 3224079 1458967
1608550973 2650120 3224211 1458967
1608551003 2650120 3224409 1458967
1608551033 2650120 3224475 1458967
1608551063 2650451 3224541 1458967
1608551093 2650451 3224541 1467870
1608551123 2650455 3224541 1469086
1608551153 2651155 3224607 1470944
1608551184 2652277 3226651 1470955
1608551214 2650890 3227064 1470960
1608551244 2650110 3228939 1470964
1608551274 2650162 3231731 1470967
1608551304 2650563 3235412 1470971
1608551334 2650747 3236105 1462540
1608551364 2652407 3238665 1464233
1608551394 2652475 3238730 1464233
1608551424 2652774 3241289 1466713
1608551454 2653312 3241289 1466713
1608551484 2653573 3241404 1466713
1608551514 2653664 3242343 1466713
1608551544 2653667 3242419 1467042
1608551574 2647051 3242734 1468365
1608551604 2647051 3242734 1468894
1608551634 2680801 3242735 1468946
1608551664 2652702 3242736 1469027
1608551694 2672634 3234419 1469330
1608551724 2652703 3235475 1470136
1608551754 2652703 3234604 1466938
1608551784 2652703 3236961 1468596
1608551814 2652703 3233433 1468863
1608551844 2652703 3233433 1478052
1608551874 2652703 3233432 1470091
1608551904 2652704 3273361 1470091
1608551934 2652710 3218509 1471401
1608551964 2653275 3299125 1471401
1608551994 2653353 3306986 1471419
1608552024 2653781 3308339 1471419
1608552054 2655240 3308509 1471419
1608552084 2655241 3309896 1471419
1608552114 2655243 3310200 1471419
1608552144 2655639 3311519 1471419
1608552174 2655642 3313589 1471419
1608552204 2656135 3317810 1471419
1608552234 2656136 3325013 1471419
1608552264 2649741 3327077 1471419
1608552294 2647052 3327802 1471419
1608552324 2651760 3323242 1471419
1608552354 2651808 3323472 1471419
1608552384 2651883 3323523 1471421
1608552414 2651886 3323523 1471421
1608552444 2651953 3328692 1471422
1608552474 2652549 3328692 1471422
1608552504 2652551 3328736 1471422
1608552534 2653001 3328758 1471423
1608552564 2653058 3329022 1471425
1608552594 2653060 3330030 1471690
1608552624 2653060 3330624 1471690
1608552654 2653060 3331217 1471690
1608552684 2673057 3331283 1471742
1608552714 2653060 3331598 1471742
1608552744 2653060 3328882 1472015
1608552774 2653060 3331376 1472018
1608552804 2653060 3331389 1472018
1608552834 2653060 3331550 1472019
1608552864 2653060 3331552 1472019
1608552894 2653060 3371347 1472019
1608552924 2653060 3316224 1472019
1608552954 2653063 3326848 1472019
1608552984 2653065 3328170 1472019
1608553014 2653066 3328500 1472019
1608553044 2653066 3328504 1472019
1608553074 2653066 3328569 1472019
1608553104 2653257 3328569 1472019
1608553134 2656650 3328621 1472019
1608553164 2656650 3337614 1472019
1608553194 2656653 3339938 1472023
1608553224 2656659 3339981 1464349
1608553254 2656659 3335044 1465907
1608553284 2656660 3335067 1468001
1608553314 2649520 3332769 1472526
1608553344 2650973 3335553 1473318
1608553374 2650973 3333934 1473520
1608553404 2649645 3336113 1473521
1608553434 2650342 3335129 1464349
1608553464 2650060 3340119 1468257
1608553494 2650060 3339275 1469056
1608553525 2649857 3339343 1469056
1608553555 2649873 3335870 1468479
1608553585 2650563 3337279 1469466
1608553615 2652134 3338728 1466064
1608553645 2636112 3339384 1468922
1608553675 2638763 3342697 1471163
1608553705 2639159 3343272 1468940
1608553735 2639291 3343296 1470076
1608553765 2639555 3338380 1470077
1608553795 2639885 3338945 1470409
1608553825 2639886 3342097 1470474
1608553855 2639886 3334732 1470837
